80.66666666666667
43.0
63.333333333333336
51.666666666666664
64.0
47.333333333333336
68.0
52.666666666666664
80.0
37.666666666666664
50.666666666666664
56.666666666666664
41.666666666666664
57.333333333333336
51.666666666666664
57.0
66.0
71.66666666666667
50.666666666666664
81.0
72.0
63.333333333333336
74.33333333333333
45.333333333333336
69.0
62.666666666666664
61.333333333333336
31.333333333333332
62.666666666666664
56.666666666666664
52.333333333333336
76.66666666666667
71.33333333333333
71.0
69.66666666666667
59.333333333333336
58.0
81.33333333333333
75.0
79.33333333333333
66.33333333333333
52.333333333333336
78.66666666666667
51.0
43.666666666666664
56.333333333333336
49.333333333333336
63.666666666666664
84.33333333333333
41.333333333333336
47.0
76.33333333333333
66.66666666666667
44.0
69.33333333333333
62.666666666666664
87.66666666666667
43.666666666666664
63.0
68.66666666666667
65.0
45.333333333333336
55.333333333333336
59.0
64.0
42.0
69.33333333333333
68.0
50.333333333333336
75.0
61.333333333333336
55.0
61.666666666666664
73.0
67.0
33.0
88.33333333333333
39.333333333333336
65.0
52.0
39.666666666666664
71.0
45.0
57.666666666666664
44.666666666666664
97.33333333333333
47.666666666666664
58.0
54.0
45.333333333333336
73.0
45.333333333333336
67.0
58.666666666666664
77.33333333333333
54.666666666666664
57.0
78.33333333333333
80.66666666666667
47.333333333333336
61.92 62.55 57.63 